#the number of patterns to be recognized
6

#marker 1
Data/multi/patt.a
40.0
0.0 0.0
1.0000 0.0000 0.0000 0.0000
0.0000 1.0000 0.0000 0.0000
0.0000 0.0000 1.0000 0.0000

#marker 2
Data/multi/patt.b
40.0
0.0 0.0
1.0000 0.0000 0.0000  100.0000
0.0000 1.0000 0.0000    0.0000
0.0000 0.0000 1.0000    0.0000

#marker 3
Data/multi/patt.c
40.0
0.0 0.0
1.0000 0.0000 0.0000  200.0000
0.0000 1.0000 0.0000    0.0000
0.0000 0.0000 1.0000    0.0000

#marker 4
Data/multi/patt.d
40.0
0.0 0.0
1.0000 0.0000 0.0000    0.0000
0.0000 1.0000 0.0000 -100.0000
0.0000 0.0000 1.0000    0.0000

#marker 5
Data/multi/patt.g
40.0
0.0 0.0
1.0000 0.0000 0.0000  100.0000
0.0000 1.0000 0.0000 -100.0000
0.0000 0.0000 1.0000    0.0000

#marker 6
Data/multi/patt.f
40.0
0.0 0.0
1.0000 0.0000 0.0000  200.0000
0.0000 1.0000 0.0000 -100.0000
0.0000 0.0000 1.0000    0.0000
